202
244
353
26
174
146
422
27
335
231
342
41
389
357
373
423
310
209
467
283
288
352
145
76
159
306
305
202
158
459
193
449
452
283
47
318
50
180
62
200
461
156
15
464
25
170
2
199
289
375
458
252
96
105
116
222
469
491
68
421
256
201
137
380
309
67
133
205
451
38
449
137
204
299
401
78
463
175
387
174
413
243
376
90
369
403
53
362
258
284
66
45
60
101
414
67
304
421
481
425
54
90
285
381
498
197
286
170
347
8
278
140
181
489
71
124
293
155
333
490
91
324
178
45
26
194
448
270
94
218
255
306
20
78
468
371
346
280
428
417
121
19
479
50
65
13
122
321
465
455
239
272
12
89
330
308
412
377
261
42
286
244
113
75
17
384
366
295
41
423
431
259
172
288
389
63
477
331
376
415
9
138
428
115
461
32
21
251
336
72
14
238
225
61
392
29
94
488
56
75
296
227
373
457
136
401
116
48
297
124
375
197
254
33
372
149
105
258
330
46
200
270
61
185
89
267
156
174
47
248
75
0
46
163
1
221
316
318
126
101
406
114
344
221
109
444
73
222
259
299
93
187
352
132
62
167
24
283
463
255
229
117
75
464
100
149
298
453
392
442
437
6
121
123
182
458
158
107
465
130
66
199
39
176
229
292
213
130
381
270
51
11
25
40
117
276
53
464
102
335
317
415
433
374
292
203
65
69
413
16
150
317
235
440
262
133
30
141
114
439
435
129
66
183
421
264
317
474
278
77
246
68
329
172
129
349
349
281
377
199
307
195
246
198
362
138
349
310
371
428
237
102
111
463
363
115
499
8
450
383
455
136
189
374
357
404
371
395
163
27
204
443
173
486
478
57
416
400
194
241
415
80
338
86
42
17
183
339
295
31
83
197
158
181
7
318
63
216
379
137
2
386
394
453
444
105
338
257
408
25
331
150
427
27
384
426
286
11
78
335
7
253
271
306
261
461
186
366
386
86
61
498
459
36
373
390
179
215
191
413
454
454
484
71
1
116
65
500
84
495
108
198
126
439
271
76
407
278
303
131
155
493
141
241
308
24
102
66
54
38
452
201
322
22
480
337
167
189
66
368
449
279
175
216
343
345
438
113
327
120
240
292
473
327
368
298
363
78
112
254
129
5
100
121
460
223
434
422
485
444
392
452
260
271
171
477
330
429
477
356
65
93
79
234
86
17
453
146
340
130
90
418
409
63
218
468
29
253
122
338
294
413
401
77
189
145
287
343
358
486
266
86
459
452
79
290
171
23
397
372
358
59
184
419
201
188
54
330
245
186
271
439
239
290
40
378
73
451
35
359
252
499
212
459
212
95
11
344
191
458
102
237
317
381
22
254
264
290
23
491
265
319
212
152
1
349
457
47
109
168
172
268
403
358
285
69
36
427
294
94
128
243
181
33
1
463
434
103
190
189
134
159
433
149
136
402
344
231
71
98
467
465
231
393
301
258
84
14
195
342
258
129
222
97
479
379
316
6
484
380
465
466
358
358
262
129
470
304
198
160
486
326
253
239
451
408
435
199
316
149
91
54
252
356
379
18
268
372
196
421
117
270
478
192
219
212
416
249
363
4
308
499
38
398
337
27
151
0
245
475
64
257
348
145
90
255
420
390
416
319
93
289
267
418
55
372
436
475
407
126
314
472
229
84
128
354
62
237
361
470
287
173
311
274
290
273
265
433
323
62
196
60
51
337
320
115
451
63
124
241
10
426
118
326
36
8
58
14
102
473
497
326
491
325
231
301
26
492
305
449
219
496
483
8
291
89
246
476
137
403
68
379
483
188
387
70
194
333
222
272
169
173
211
101
107
47
415
310
407
125
447
92
24
161
310
484
343
371
184
169
306
14
273
95
227
253
366
82
106
93
166
344
481
460
347
4
414
356
178
328
263
18
299
474
123
52
346
15
425
473
415
159
370
297
191
310
176
374
379
444
26
300
119
355
222
237
418
316
424
469
450
298
117
28
472
386
392
96
215
129
277
159
205
213
190
303
446
179
49
332
192
206
81
423
317
238
54
437
168
412
230
270
56
444
138
189
261
85
468
287
335
475
58
216
410
164
230
247
376
338
59
310
198
21
264
193
63
190
287
92
251
424
108
410
443
368
329
459
349
326
445
246
494
332
82
411
282
310
310
76
194
396
188
17
54
462
259
256
399
91
281
483
174
183
126
338
398
413
14
395
404
421
233
418
138
212
213
35
464
225
403
473
355
290
219
246
89
236
173
467
95
481
65
103
108
316
417
128
303
197
347
39
23
229
299
224
82
347
216
10
78
149
185
239
112
326
111
457
493
333
231
48
460
108
471
93
32
48
26
323
306
464
379
433
323
422
492
279
199
20
401
420
185
380
462
288
307
86
312
146
474
413
53
46
185
426
97
358
171
227
410
296
226
262
481
399
44
426
360
404
53
305
387
76
336
104
369
0
274
174
401
153
345
69
267
342
56
165
315
499
62
264
101
173
3
110
367
397
380
183
391
203
207
304
151
230
397
475
61
48
487
400
76
24
395
274
183
165
334
422
225
96
293
496
472
493
460
144
435
402
396
149
385
59
208
120
120
113
215
466
210
361
252
52
169
146
202
83
265
325
421
459
123
231
77
213
486
29
320
72
73
290
119
422
415
270
316
272
74
4
39
326
216
399
456
43
402
59
150
496
114
14
95
328
145
374
392
48
498
63
106
35
248
178
440
268
138
408
146
415
302
69
190
424
447
437
206
305
470
54
0
431
251
81
444
448
380
260
164
322
166
225
373
2
257
22
344
72
432
80
330
489
136
168
334
75
267
495
129
315
283
171
384
4
72
282
444
416
209
466
302
303
188
20
119
388
496
236
21
196
18
194
123
249
56
171
429
128
437
68
1
93
291
10
34
222
390
279
13
373
17
246
306
114
484
185
244
395
135
83
309
257
119
420
487
309
250
308
269
422
392
269
345
278
469
255
104
449
39
112
310
345
55
81
393
367
401
78
34
283
255
410
226
454
326
351
338
39
355
101
265
477
92
96
199
288
42
143
385
46
175
302
413
258
195
362
366
14
69
240
1
163
413
176
459
23
312
251
425
153
425
481
269
417
375
379
307
62
323
130
347
146
138
162
298
90
146
45
60
33
464
353
265
321
388
89
205
94
291
243
389
193
63
229
349
69
15
24
187
385
392
317
351
119
195
400
226
76
302
416
296
38
156
271
132
165
447
55
415
201
84
101
95
454
157
148
428
195
176
232
13
15
499
414
371
453
309
78
240
466
245
317
408
217
318
35
160
427
355
41
212
197
328
302
222
265
418
254
93
0
15
139
454
113
317
109
8
161
318
435
323
421
185
454
80
317
260
382
38
291
315
477
156
361
294
319
169
41
208
304
211
301
279
191
312
236
15
159
197
377
220
387
390
365
296
156
338
163
423
325
160
258
476
384
164
18
385
399
266
407
175
370
216
245
147
44
451
277
302
407
325
447
50
479
93
222
155
35
189
139
217
107
40
405
350
480
193
320
33
246
418
283
408
188
273
304
219
84
307
404
155
21
164
445
449
360
99
239
195
24
16
262
105
403
484
376
306
271
82
61
288
445
83
72
391
446
233
499
140
140
373
252
12
15
7
242
481
229
353
200
110
141
44
216
385
65
446
297
241
44
115
154
221
160
471
351
462
60
97
50
105
200
209
332
355
26
451
285
427
215
155
459
439
84
440
427
265
99
424
402
336
8
486
443
461
346
455
212
302
313
400
277
125
449
183
327
264
104
129
443
216
68
455
190
172
16
477
189
21
410
3
40
158
383
263
381
345
115
149
42
430
128
260
137
242
273
354
5
65
251
428
196
236
376
149
198
177
460
425
151
442
462
324
106
63
12
376
114
427
66
320
196
291
127
365
364
415
388
40
169
484
103
458
242
307
468
165
343
29
145
368
57
496
257
280
127
171
315
404
359
51
351
127
185
483
58
273
413
200
409
205
221
211
271
336
109
494
35
316
223
355
430
328
63
125
387
312
2
362
77
257
246
199
442
388
364
402
267
114
56
93
243
163
328
78
264
136
460
140
247
400
300
173
203
302
59
323
271
148
166
411
226
306
64
389
112
281
71
65
457
127
23
294
13
325
307
334
24
103
72
422
422
205
273
455
61
409
269
363
394
307
238
201
212
25
219
44
237
386
419
205
88
472
361
347
383
366
368
33
1
411
500
238
335
374
335
304
315
294
190
264
406
274
428
210
232
443
474
295
130
282
488
438
209
396
168
496
28
342
267
315
49
431
96
97
127
370
302
48
113
267
417
194
187
137
62
360
480
83
113
256
149
333
46
270
223
135
260
37
125
328
447
305
242
246
377
267
472
299
294
369
456
214
228
275
429
445
115
435
39
476
297
176
91
205
54
157
134
341
6
410
277
253
162
361
63
489
316
20
396
365
151
178
25
163
106
385
248
247
446
42
385
459
415
431
400
61
488
366
291
68
323
385
225
255
194
296
214
86
341
237
497
440
13
324
299
279
166
87
280
283
293
379
372
294
11
264
262
242
227
49
175
338
263
95
262
72
238
184
489
137
136
467
331
54
86
39
49
35
450
170
474
205
165
472
364
149
160
70
253
310
399
376
473
81
363
84
333
318
335
426
121
433
432
28
179
35
195
278
140
492
39
415
116
137
450
343
174
390
147
270
202
129
123
499
490
362
474
74
77
483
95
208
480
272
165
179
40
64
322
392
479
122
353
243
433
169
22
400
261
318
455
432
94
111
179
460
171
79
310
178
486
284
334
366
418
482
379
467
77
106
200
450
228
60
416
447
31
74
157
54
272
355
104
324
54
163
71
303
211
486
145
232
198
490
426
243
399
87
339
329
363
436
113
482
186
122
102
49
464
73
381
146
416
416
28
408
214
429
126
282
384
60
396
162
381
217
102
323
407
76
423
420
116
285
67
163
394
142
267
137
177
419
403
344
135
464
274
407
255
494
443
105
35
134
432
430
365
75
353
42
283
282
263
130
442
483
171
139
81
18
291
100
450
124
16
493
187
97
143
62
80
280
133
16
210
1
341
466
444
431
390
302
268
377
27
59
327
282
157
430
77
257
157
40
252
375
335
57
99
222
58
53
348
67
360
84
176
74
495
224
121
409
238
147
136
165
176
121
434
255
29
139
372
287
396
451
194
441
402
427
197
51
3
392
16
220
487
251
301
187
115
437
107
57
119
289
382
294
107
196
252
331
5
301
275
185
97
64
330
121
316
7
155
337
373
461
355
166
312
62
288
10
65
46
229
287
57
447
229
392
130
266
342
360
436
91
436
108
10
237
82
316
457
175
430
479
440
246
335
310
370
240
396
5
230
409
119
259
110
466
103
213
282
275
45
170
238
418
399
421
17
368
342
179
333
314
239
110
93
182
475
316
483
49
460
218
312
463
32
269
227
483
295
490
185
177
67
191
243
377
270
498
280
225
170
411
88
373
271
345
47
19
68
71
41
88
493
263
431
93
88
451
114
272
487
355
325
163
336
431
355
176
265
6
375
269
500
347
286
116
499
476
317
220
40
153
138
426
52
495
36
70
109
125
428
178
220
437
269
223
46
305
283
100
379
359
69
55
74
225
94
290
71
336
186
160
428
269
421
480
110
27
64
8
500
430
111
478
300
437
220
490
460
193
482
230
472
208
325
4
36
206
62
143
317
242
46
412
446
141
328
390
64
199
392
184
232
256
284
236
303
467
62
153
36
153
346
60
59
125
245
7
464
18
135
316
53
245
10
364
129
89
0
384
384
180
340
82
63
293
105
482
463
187
478
371
487
100
440
79
426
265
58
167
499
282
81
46
322
82
189
131
163
464
87
482
343
154
252
358
99
492
219
378
46
34
411
451
230
76
92
241
300
120
336
15
140
34
259
209
115
22
141
165
181
308
168
181
48
351
447
241
22
79
42
69
80
423
245
244
377
22
60
168
346
223
99
185
134
5
149
260
417
201
390
386
283
270
438
458
94
116
112
404
345
427
451
258
99
300
163
401
160
59
308
137
477
159
355
138
29
285
413
162
270
130
446
410
379
240
301
283
126
380
282
126
407
300
237
20
469
466
432
301
66
151
188
178
84
290
43
164
324
439
202
302
358
80
322
401
111
430
307
26
380
400
161
427
357
204
26
254
10
299
318
243
417
19
401
373
333
58
155
89
181
171
224
140
484
248
253
373
445
457
182
26
269
55
165
495
488
399
234
282
80
107
120
498
256
142
347
234
234
296
376
386
17
345
275
116
355
454
406
441
69
209
319
210
231
433
299
93
116
173
377
467
362
367
53
479
99
362
108
131
241
209
60
84
429
337
461
121
215
165
89
328
368
414
363
26
193
194
451
414
403
51
281
60
1
273
3
313
283
470
438
65
461
112
95
188
107
252
282
82
297
131
402
86
78
157
286
246
224
400
222
472
314
330
328
52
426
34
447
330
141
287
91
201
488
78
18
253
134
437
424
329
194
372
395
33
11
230
299
25
323
71
157
283
490
14
156
462
267
291
200
301
487
452
491
397
456
369
112
293
78
41
280
132
112
456
219
238
309
197
262
405
56
49
57
160
489
284
444
344
200
9
75
204
492
467
183
437
179
284
209
125
245
455
280
417
169
212
431
92
13
80
40
124
40
39
69
254
64
17
473
468
46
274
232
120
334
12
431
163
475
267
387
417
139
289
425
437
9
450
128
194
243
137
461
54
446
438
304
47
435
497
240
298
91
280
209
343
98
119
45
5
216
418
76
27
481
162
1
361
311
260
280
462
20
50
440
452
183
170
277
348
356
174
195
488
126
350
379
76
168
496
462
457
191
184
486
363
309
21
362
221
284
313
480
177
209
14
1
180
102
371
404
292
390
393
113
341
341
239
322
110
28
362
273
211
420
414
319
195
17
220
81
113
485
222
68
115
60
336
259
313
75
218
477
411
175
150
426
377
132
234
293
68
390
201
260
212
133
94
54
0
105
86
74
236
268
38
227
283
347
15
216
305
408
335
334
296
77
401
453
195
168
382
313
318
205
460
217
322
113
235
480
317
264
67
435
174
300
13
66
239
59
273
491
349
65
275
372
478
168
249
449
490
98
270
316
474
225
5
93
148
53
148
211
428
297
47
311
97
38
392
164
303
83
108
398
295
205
278
266
78
427
235
67
177
292
381
355
476
448
10
427
148
24
342
132
213
440
269
229
242
245
371
138
210
38
298
359
345
296
321
21
251
117
280
38
100
96
139
278
17
171
118
236
286
72
257
231
46
310
368
88
339
259
429
434
30
490
22
210
409
194
165
69
129
93
144
108
347
271
218
122
320
55
1
477
390
33
408
324
148
281
212
156
220
69
465
413
253
343
216
202
325
98
0
393
92
481
138
448
227
172
295
355
406
222
51
361
311
305
414
44
465
243
245
396
332
155
171
126
115
221
180
144
21
60
287
467
187
9
321
145
10
41
331
376
183
172
363
121
105
461
72
108
338
145
433
402
347
427
437
345
427
214
256
210
10
476
208
162
334
473
455
374
49
280
391
439
143
489
61
338
115
193
167
117
8
328
361
77
135
218
167
462
8
114
484
106
244
263
299
148
452
451
7
486
17
325
28
474
140
351
373
179
408
44
243
26
136
265
4
179
387
431
250
483
370
256
23
332
161
390
316
43
13
299
295
115
472
291
474
70
390
111
75
394
117
166
139
148
275
293
138
443
420
183
466
376
218
290
283
169
71
34
380
181
49
54
91
349
154
275
21
211
321
449
119
445
408
134
193
159
299
223
152
354
264
225
165
201
489
280
83
197
123
44
131
357
55
96
190
394
91
381
265
340
191
483
406
483
97
467
129
438
304
61
438
456
80
243
166
249
381
481
83
138
320
377
8
431
260
449
307
24
135
159
295
97
206
51
294
185
315
48
117
162
457
273
120
261
407
56
82
468
472
446
252
242
98
9
499
227
202
245
422
130
358
93
268
235
118
61
294
301
421
41
339
439
372
468
363
209
314
40
433
343
96
2
15
95
21
64
15
310
254
101
40
158
307
125
137
240
447
399
92
350
384
230
335
410
66
362
115
126
412
272
158
372
268
289
121
228
17
196
117
371
375
361
42
460
68
489
180
177
1
44
398
449
202
480
409
18
389
349
136
59
309
379
433
397
431
271
126
380
422
437
237
327
398
324
1
323
397
179
5
500
199
346
304
86
374
113
321
8
139
107
112
400
216
206
111
28
170
468
45
448
472
120
491
202
104
97
254
279
79
124
25
261
152
489
45
333
7
255
127
336
475
445
274
198
285
67
317
151
20
117
296
248
469
492
156
63
191
374
35
82
231
26
73
166
341
227
425
344
439
14
72
142
57
303
490
26
91
243
186
468
185
415
254
200
262
225
278
352
333
161
371
497
266
309
85
21
261
211
301
115
338
365
17
498
247
124
170
18
392
210
66
371
115
303
276
135
334
78
1
474
458
61
245
261
201
235
431
355
430
134
498
305
422
258
420
379
38
18
273
176
422
34
432
276
397
338
134
223
438
37
310
189
204
412
151
421
304
470
494
51
162
346
438
201
116
327
262
243
68
202
135
245
213
44
2
142
249
131
99
156
456
207
3
36
93
355
458
428
39
430
281
161
279
407
453
321
498
323
401
237
175
362
165
75
309
89
435
339
390
232
416
308
206
132
26
126
425
286
54
492
190
314
310
393
200
80
144
467
107
412
435
430
211
254
224
245
267
134
375
333
459
467
125
305
473
182
244
380
19
22
64
280
74
487
268
7
479
163
79
54
15
239
361
182
21
156
466
107
25
147
140
104
12
404
113
315
31
9
482
438
417
197
317
277
410
447
417
384
113
487
317
428
450
416
362
499
37
457
256
152
49
238
257
196
48
351
131
454
13
476
277
255
336
59
15
122
28
27
372
493
471
356
472
251
465
61
51
118
325
289
208
268
152
251
303
261
75
115
364
48
80
68
482
82
285
122
196
187
119
157
493
104
172
468
3
498
251
25
350
327
228
459
408
118
20
85
132
478
76
58
374
140
23
213
78
306
17
32
95
320
157
217
148
66
59
397
93
3
198
2
77
274
86
233
390
30
95
241
313
107
180
2
377
483
25
418
61
282
98
236
358
2
428
85
331
429
300
25
157
181
194
0
216
149
334
269
263
130
43
330
484
419
233
487
388
65
494
5
8
310
25
191
338
126
61
496
5
378
211
326
479
0
238
393
211
226
450
315
56
86
395
434
486
349
92
122
325
199
343
498
165
389
286
255
371
131
460
276
39
315
169
59
182
460
12
84
442
391
373
71
336
267
32
163
397
296
72
177
434
105
322
294
76
480
353
251
159
189
392
175
273
420
323
104
78
228
331
209
295
496
406
299
434
192
465
375
196
402
75
192
110
106
218
110
292
112
151
402
233
70
428
26
282
294
480
9
135
416
413
0
126
231
217
227
500
423
384
134
269
465
252
191
60
93
109
158
440
245
256
242
468
288
260
372
131
447
301
328
438
298
370
387
462
102
115
291
275
379
89
440
490
463
255
234
289
141
365
235
41
290
159
159
482
356
66
93
353
391
465
404
340
427
428
74
24
119
357
218
473
498
448
72
472
129
65
494
192
395
124
95
480
378
311
312
49
10
210
247
440
105
374
454
224
162
343
478
476
455
103
386
88
212
246
445
189
484
78
225
18
444
325
73
31
31
251
98
421
276
443
265
127
452
122
299
481
289
337
274
322
287
208
88
392
120
284
20
403
438
207
114
347
413
257
415
127
150
372
354
456
293
336
369
382
212
191
31
37
347
371
156
495
46
243
497
500
115
440
425
171
234
54
149
357
450
472
310
400
193
198
223
93
113
286
36
200
113
26
129
105
326
190
415
82
223
192
141
65
236
310
64
441
475
317
107
494
247
348
95
41
337
391
92
298
461
274
368
335
456
288
476
268
255
396
143
56
60
272
104
98
294
312
138
296
30
346
236
164
93
269
0
101
338
136
405
302
398
66
377
350
218
368
36
138
443
426
365
309
264
405
176
346
482
157
60
19
319
365
318
238
375
235
6
297
25
63
429
328
329
453
125
2
136
127
339
121
141
297
56
363
484
19
124
499
58
68
389
44
448
269
202
237
121
130
269
291
255
440
39
81
487
203
157
375
174
78
117
97
144
149
325
96
364
172
256
312
154
24
82
139
1
201
111
9
32
333
366
254
142
45
358
459
401
179
73
134
445
31
317
36
476
132
458
47
82
257
27
97
335
394
128
219
39
241
484
11
53
101
156
325
351
106
222
295
399
332
165
174
119
423
420
226
90
400
482
334
254
209
290
446
314
162
165
298
406
314
317
478
456
187
423
168
212
331
407
128
93
376
336
360
431
490
33
248
171
261
192
234
358
113
152
93
250
291
482
68
287
120
94
430
407
397
44
151
269
198
276
429
315
43
474
151
342
368
434
440
157
306
17
212
183
359
137
379
331
342
257
87
212
223
394
86
363
410
443
381
63
332
396
135
72
220
22
288
160
157
351
35
232
202
307
40
274
5
20
419
472
105
202
225
269
165
228
369
453
471
130
126
388
444
142
164
450
173
404
216
77
5
28
388
36
116
186
496
58
372
237
488
65
359
90
392
176
171
225
12
314
383
62
470
70
471
449
427
145
31
251
339
366
320
195
428
213
175
58
294
166
413
382
440
300
292
257
299
105
235
175
496
278
254
411
484
215
299
308
465
322
299
194
183
63
293
434
401
312
300
167
100
318
269
168
421
207
162
171
238
169
488
324
41
476
457
375
198
328
269
194
390
358
157
382
189
346
447
138
349
268
141
81
221
372
291
469
488
28
176
303
437
400
341
16
209
462
283
482
169
368
378
457
14
234
208
103
283
222
459
472
303
336
216
155
88
154
145
233
122
420
385
315
20
170
220
56
104
107
113
427
231
330
347
43
40
2
266
214
127
370
381
79
46
452
409
127
145
402
343
141
365
299
247
365
307
294
299
379
117
274
166
41
392
240
62
222
239
174
462
77
18
417
349
322
464
300
73
263
62
495
385
460
401
93
231
334
257
11
331
450
295
325
112
453
468
272
418
178
64
338
197
69
36
137
314
490
388
390
229
371
16
409
134
48
370
278
129
170
280
139
352
206
481
23
377
238
156
182
424
64
430
190
17
204
469
320
477
382
377
235
446
53
114
366
398
269
278
64
177
488
106
167
456
75
13
393
406
60
87
248
68
240
48
84
22
156
29
166
422
248
432
443
277
220
74
285
371
217
143
241
271
342
362
473
263
270
132
410
232
363
427
23
468
341
17
175
20
477
120
98
241
484
188
268
385
117
171
181
122
3
288
245